[[244 216 167 ... 245 246 247]
 [203 140  78 ... 245 246 247]
 [117  73  33 ... 245 246 247]
 ...
 [250 250 250 ... 255 255 255]
 [250 250 250 ... 255 255 255]
 [250 250 250 ... 255 255 255]]
[[11  9  5 ... 10 15 17]
 [ 2 10 14 ... 17 17 13]
 [ 7 11 15 ... 20 20 21]
 ...
 [43 48 49 ...  5 12 19]
 [44 43 41 ... 12 14 20]
 [44 41 38 ...  8 13 17]]
[[ 7  6  5 ... 47 47 46]
 [ 9  4  2 ... 46 46 46]
 [ 2  1  0 ... 47 46 46]
 ...
 [17 33 52 ... 62 63 63]
 [15 38 46 ... 62 63 63]
 [18 29 25 ... 62 63 63]]
[[21 21 21 ... 16 16 16]
 [21 21 20 ... 17 17 18]
 [21 20 20 ... 18 19 19]
 ...
 [23 23 23 ... 44 47 49]
 [23 23 23 ... 45 47 47]
 [22 23 23 ... 43 44 45]]
[[18 18 18 ... 24 25 23]
 [18 19 19 ... 21 23 24]
 [19 19 20 ... 21 23 24]
 ...
 [19 18 18 ... 29 24 26]
 [18 18 19 ... 28 24 26]
 [17 18 19 ... 26 24 26]]
[[144 144 145 ...  88  88  88]
 [144 146 149 ...  89  88  87]
 [141 144 145 ...  92  90  87]
 ...
 [192 193 195 ...  51  44  38]
 [194 195 196 ...  52  45  40]
 [196 197 197 ...  50  44  40]]
[[ 85  93  97 ... 103 107 106]
 [ 86  92  93 ... 103 107 106]
 [ 86  92  94 ... 103 107 107]
 ...
 [  8   8  10 ...   3   2   2]
 [  7   6   6 ...   3   3   3]
 [  7   6   5 ...   3   3   3]]
[[ 84 100 115 ... 160 161 161]
 [ 85 101 115 ... 160 160 160]
 [ 88 102 113 ... 160 160 160]
 ...
 [ 33  28  23 ...   9   9   9]
 [ 45  35  25 ...   9   9   8]
 [ 55  41  28 ...   8   8   8]]
[[ 39  39  38 ...  53  54  57]
 [ 41  40  40 ...  52  53  56]
 [ 43  42  41 ...  51  52  54]
 ...
 [249 249 249 ...  64  64  66]
 [249 249 249 ...  65  66  68]
 [249 249 249 ...  67  67  69]]
[[19 22 25 ... 34 34 27]
 [18 24 26 ... 29 30 27]
 [25 26 25 ... 25 26 26]
 ...
 [11 11  9 ... 22 25 29]
 [12 12 10 ... 19 20 26]
 [14 13 10 ... 19 14 18]]
[[ 88  88  88 ...  10   8   8]
 [ 86  87  87 ...   9  13  11]
 [ 87  87  88 ...  11  13  11]
 ...
 [ 10  12  14 ... 123 123 125]
 [  8  12  13 ... 116 120 123]
 [  6  10  12 ... 104 113 118]]
[[  1   1   1 ...   1   1   1]
 [  1   1   1 ...   1   1   1]
 [  1   1   1 ...   1   1   1]
 ...
 [  1   1   1 ... 212 225 237]
 [  1   1   1 ... 209 233 240]
 [  1   1   1 ... 222 235 238]]
[[162  38   4 ...   5   6   3]
 [148  24   5 ...   5   6   4]
 [136  11   6 ...   5   7   5]
 ...
 [ 80  80  82 ...  61  63  69]
 [ 86  79  75 ...  62  65  70]
 [ 92  85  75 ...  64  68  71]]
[[ 90 103  34 ...   5   3   9]
 [ 90 104  33 ...   2   6   5]
 [ 92 100  21 ...   3   8   5]
 ...
 [ 92  92  89 ...  24  13   7]
 [ 91  91  92 ...  22  13   7]
 [ 90  92  96 ...  21  12   7]]
[[228 228 228 ...  10  10  10]
 [228 228 228 ...  10  10  10]
 [228 228 228 ...  10  10  10]
 ...
 [211 211 210 ... 220 220 221]
 [211 210 210 ... 222 222 222]
 [210 209 208 ... 222 222 221]]
[[ 55  14  29 ... 115 121 127]
 [ 81  26  16 ... 131 122 112]
 [ 97  34  76 ... 152 148 136]
 ...
 [122 118 118 ... 230 230 230]
 [121 119 119 ... 233 232 231]
 [121 119 119 ... 235 234 231]]
[[117 117 117 ...  40  18   3]
 [117 115 117 ...  39  10   4]
 [116 116 116 ...  15  59  33]
 ...
 [126 128 130 ... 192 182 218]
 [128 127 128 ... 185 194 244]
 [127 129 128 ... 183 226 250]]
[[131 131 131 ...  13  47  16]
 [132 132 130 ...  15  47  15]
 [132 133 133 ...  19  47  15]
 ...
 [176 175 174 ...  22   8   8]
 [175 175 173 ...  14   9  13]
 [175 174 173 ...  17  21  23]]
[[  0   0   0 ... 214 202 209]
 [  0   0   0 ... 210 199 213]
 [  0   0   0 ... 210 206 218]
 ...
 [223 215 216 ... 210 212 216]
 [213 211 218 ... 213 214 216]
 [190 190 199 ... 219 218 218]]
[[29 32 33 ... 44 68 51]
 [29 32 33 ... 51 73 58]
 [29 32 33 ... 52 68 62]
 ...
 [37 40 41 ... 78 80 79]
 [37 40 41 ... 74 77 78]
 [37 40 41 ... 71 75 77]]
[[ 22  21  21 ...  20  20  21]
 [ 22  21  21 ...  20  20  21]
 [ 22  21  21 ...  20  20  21]
 ...
 [130 130 130 ...  29  28  28]
 [130 130 130 ...  33  26  28]
 [130 130 130 ...  36  25  28]]
[[ 28  30  31 ...  46  46  46]
 [ 28  32  35 ...  46  46  46]
 [ 27  33  37 ...  46  46  46]
 ...
 [ 83  74  62 ...  98 116 130]
 [ 84  75  62 ...  91 116 123]
 [ 85  76  63 ...  85 115 117]]
